nhidden=5
nem=100
lambda=1000
maxT=21.0
minT=0.0
nsamp=10000
nburnin0=5000
nburnin=0
nskip=1000
kappa=10
minW=1e-06
maxW=1.0
minbeta=0.00001
nthread=8
initbeta=0.0111111
mumult=0.1
maxinitW=0.00555556
allinitW=1
