nhidden=5
nem=100
lambda=1000
maxT=650
minT=0
nsamp=10000
nburnin0=20000
nburnin=0
nskip=100
kappa=1
minW=1e-06
maxW=1.0
minbeta=0.0001
nthread=8
initbeta=0.111111
mumult=0.1
maxinitW=0.0555556
allinitW=1
